4201791.972   177945.561  4779286.951 -0.0130       0.0175       0.0106
4581690.826   556114.926  4389360.845 -0.0137       0.0189       0.0115
4627845.964   119629.426  4372999.869 -0.0120       0.0191       0.0117
4231162.519  -332746.595  4745130.974 -0.0117       0.0177       0.0108
4226392.692  -326080.175  4749929.436 -0.0117       0.0177       0.0108
4438911.271   373444.808  4549938.609 -0.0135       0.0184       0.0108
4504322.032   305405.310  4491277.432 -0.0129       0.0186       0.0116
4630532.692   433946.408  4350142.783 -0.0135       0.0190       0.0112
4696989.367   723994.562  4239678.603 -0.0135       0.0192       0.0120
4201576.893   189860.184  4779064.838 -0.0128       0.0177       0.0107
3446394.130   591713.220  5316383.501 -0.0146       0.0144       0.0094
3169981.801   579956.837  5485936.733 -0.0133       0.0135       0.0119
3275753.557   321111.106  5445042.129 -0.0142       0.0138       0.0093
2251420.713   862817.276  5885476.764 -0.0159       0.0109       0.0120
2620258.521   779138.208  5743799.557 -0.0140       0.0121       0.0141
2534030.817   975174.633  5752078.628 -0.0143       0.0129       0.0149
3104210.748   998381.844  5463295.846 -0.0142       0.0149       0.0120
3980358.714  1382292.171  4772771.998 -0.0177       0.0164       0.0095
2699864.260  1078264.078  5658064.957 -0.0144       0.0140       0.0137
2959056.817  1341058.747  5470427.017 -0.0167       0.0143       0.0097
4194423.734  1162702.780  4647245.467 -0.0171       0.0179       0.0105
4180930.857   973735.526  4703203.560 -0.0159       0.0176       0.0111
4319372.000  1868687.871  4292063.972 -0.0174       0.0186       0.0082
4110946.775  1551048.745  4608010.087 -0.0186       0.0171       0.0093
4037497.716  1097034.343  4798909.371 -0.0170       0.0170       0.0100
4123047.876  1227806.473  4693474.265 -0.0165       0.0176       0.0099
4370292.889  1454980.220  4397965.382 -0.0175       0.0184       0.0113
4465932.456  1460581.995  4299308.846 -0.0200       0.0186       0.0127
3183899.105  1421478.567  5322810.843 -0.0179       0.0142       0.0086
2730155.262  1562364.801  5529989.306 -0.0187       0.0136       0.0076
4655002.779  1860619.676  3930281.850 0.0000       0.0085       -0.0056
3924687.370   301133.069  5001911.029 -0.0141       0.0165       0.0095
3397785.084  2066990.586  4969811.558 -0.0201       0.0143       0.0088